data in 2D grid: 
0000000000000000000000000
0000000000000000000000000
0000000000000000000000000
0000000000000000000000000
0000000111111111110000000
0000000111111111110000000
0000000111111111110000000
0000000111111111110000000
0000000111111111110000000
0000000111111111110000000
0000000111111111110000000
0000000000000000000000000
0000000000000000000000000
0000000000000000000000000
0000000000000000000000000
data in 2D grid: 
0111111111111111111111111
0111111111111111111111111
0111111111111111111111111
0111111111111111111111111
0111111000000000001111111
0111111000000000001111111
0111111000000000001111111
0111111000000000001111111
0111111000000000001111111
0111111000000000001111111
0011111000000000001111111
0011111111111111111111111
0011111111111111111111111
0011111111111111111111111
0011111111111111111111111
